Average:
niqe:0.885726
HSTS:
PSNR:17.925129
SSIM:0.689838
R-C (1):
PSNR:17.605043
SSIM:0.392589
Average:
PSNR:3.553017
SSIM:0.108243
